Input Processors: 5
Total Jobs: 15
Total Job Time: 36
Total Processors: 5

[Dependency Table]
Job 1:	2	3	
Job 2:	6	
Job 3:	6	8	10	
Job 4:	2	5	6	
Job 5:	13	14	
Job 6:	11	12	13	
Job 7:	3	
Job 8:	11	15	
Job 9:	3	
Job 10:	
Job 11:	
Job 12:	14	
Job 13:	
Job 14:	
Job 15:	

[Current Time: 0]
Processor 1: 	
Processor 2: 	
Processor 3: 	
Processor 4: 	

[Time: 0   ProcUsed: 4] 
processJob:	(1) 1	(2) 4	(3) 7	(4) 9	
processTime:	(1) 2	(2) 2	(3) 4	(4) 3	
parentCount:	(1) 0	(2) 2	(3) 3	(4) 0	(5) 1	(6) 3	(7) 0	(8) 1	(9) 0	(10) 1	(11) 2	(12) 1	(13) 2	(14) 2	(15) 1	
jobTime:	(1) 2	(2) 3	(3) 1	(4) 2	(5) 4	(6) 2	(7) 4	(8) 2	(9) 3	(10) 1	(11) 2	(12) 1	(13) 5	(14) 1	(15) 3	
jobDone:	(1) 0	(2) 0	(3) 0	(4) 0	(5) 0	(6) 0	(7) 0	(8) 0	(9) 0	(10) 0	(11) 0	(12) 0	(13) 0	(14) 0	(15) 0	
jobMarked:	(1) 1	(2) 0	(3) 0	(4) 1	(5) 0	(6) 0	(7) 1	(8) 0	(9) 1	(10) 0	(11) 0	(12) 0	(13) 0	(14) 0	(15) 0	


[Current Time: 1]
Processor 1: 	1	
Processor 2: 	4	
Processor 3: 	7	
Processor 4: 	9	

[Time: 1   ProcUsed: 4] 
processJob:	(1) 1	(2) 4	(3) 7	(4) 9	
processTime:	(1) 1	(2) 1	(3) 3	(4) 2	
parentCount:	(1) 0	(2) 2	(3) 3	(4) 0	(5) 1	(6) 3	(7) 0	(8) 1	(9) 0	(10) 1	(11) 2	(12) 1	(13) 2	(14) 2	(15) 1	
jobTime:	(1) 2	(2) 3	(3) 1	(4) 2	(5) 4	(6) 2	(7) 4	(8) 2	(9) 3	(10) 1	(11) 2	(12) 1	(13) 5	(14) 1	(15) 3	
jobDone:	(1) 0	(2) 0	(3) 0	(4) 0	(5) 0	(6) 0	(7) 0	(8) 0	(9) 0	(10) 0	(11) 0	(12) 0	(13) 0	(14) 0	(15) 0	
jobMarked:	(1) 1	(2) 0	(3) 0	(4) 1	(5) 0	(6) 0	(7) 1	(8) 0	(9) 1	(10) 0	(11) 0	(12) 0	(13) 0	(14) 0	(15) 0	


[Current Time: 2]
Processor 1: 	1	1	
Processor 2: 	4	4	
Processor 3: 	7	7	
Processor 4: 	9	9	

[Time: 2   ProcUsed: 4] 
processJob:	(1) 2	(2) 5	(3) 7	(4) 9	
processTime:	(1) 3	(2) 4	(3) 2	(4) 1	
parentCount:	(1) 0	(2) 0	(3) 2	(4) 0	(5) 0	(6) 2	(7) 0	(8) 1	(9) 0	(10) 1	(11) 2	(12) 1	(13) 2	(14) 2	(15) 1	
jobTime:	(1) 2	(2) 3	(3) 1	(4) 2	(5) 4	(6) 2	(7) 4	(8) 2	(9) 3	(10) 1	(11) 2	(12) 1	(13) 5	(14) 1	(15) 3	
jobDone:	(1) 1	(2) 0	(3) 0	(4) 1	(5) 0	(6) 0	(7) 0	(8) 0	(9) 0	(10) 0	(11) 0	(12) 0	(13) 0	(14) 0	(15) 0	
jobMarked:	(1) 0	(2) 1	(3) 0	(4) 0	(5) 1	(6) 0	(7) 1	(8) 0	(9) 1	(10) 0	(11) 0	(12) 0	(13) 0	(14) 0	(15) 0	


[Current Time: 3]
Processor 1: 	1	1	2	
Processor 2: 	4	4	5	
Processor 3: 	7	7	7	
Processor 4: 	9	9	9	

[Time: 3   ProcUsed: 4] 
processJob:	(1) 2	(2) 5	(3) 7	(4) 0	
processTime:	(1) 2	(2) 3	(3) 1	(4) 0	
parentCount:	(1) 0	(2) 0	(3) 1	(4) 0	(5) 0	(6) 2	(7) 0	(8) 1	(9) 0	(10) 1	(11) 2	(12) 1	(13) 2	(14) 2	(15) 1	
jobTime:	(1) 2	(2) 3	(3) 1	(4) 2	(5) 4	(6) 2	(7) 4	(8) 2	(9) 3	(10) 1	(11) 2	(12) 1	(13) 5	(14) 1	(15) 3	
jobDone:	(1) 1	(2) 0	(3) 0	(4) 1	(5) 0	(6) 0	(7) 0	(8) 0	(9) 1	(10) 0	(11) 0	(12) 0	(13) 0	(14) 0	(15) 0	
jobMarked:	(1) 0	(2) 1	(3) 0	(4) 0	(5) 1	(6) 0	(7) 1	(8) 0	(9) 0	(10) 0	(11) 0	(12) 0	(13) 0	(14) 0	(15) 0	


[Current Time: 4]
Processor 1: 	1	1	2	2	
Processor 2: 	4	4	5	5	
Processor 3: 	7	7	7	7	
Processor 4: 	9	9	9	0	

[Time: 4   ProcUsed: 4] 
processJob:	(1) 2	(2) 5	(3) 3	(4) 0	
processTime:	(1) 1	(2) 2	(3) 1	(4) -1	
parentCount:	(1) 0	(2) 0	(3) 0	(4) 0	(5) 0	(6) 2	(7) 0	(8) 1	(9) 0	(10) 1	(11) 2	(12) 1	(13) 2	(14) 2	(15) 1	
jobTime:	(1) 2	(2) 3	(3) 1	(4) 2	(5) 4	(6) 2	(7) 4	(8) 2	(9) 3	(10) 1	(11) 2	(12) 1	(13) 5	(14) 1	(15) 3	
jobDone:	(1) 1	(2) 0	(3) 0	(4) 1	(5) 0	(6) 0	(7) 1	(8) 0	(9) 1	(10) 0	(11) 0	(12) 0	(13) 0	(14) 0	(15) 0	
jobMarked:	(1) 0	(2) 1	(3) 1	(4) 0	(5) 1	(6) 0	(7) 0	(8) 0	(9) 0	(10) 0	(11) 0	(12) 0	(13) 0	(14) 0	(15) 0	


[Current Time: 5]
Processor 1: 	1	1	2	2	2	
Processor 2: 	4	4	5	5	5	
Processor 3: 	7	7	7	7	3	
Processor 4: 	9	9	9	0	0	

[Time: 5   ProcUsed: 4] 
processJob:	(1) 6	(2) 5	(3) 8	(4) 10	
processTime:	(1) 2	(2) 1	(3) 2	(4) 1	
parentCount:	(1) 0	(2) 0	(3) 0	(4) 0	(5) 0	(6) 0	(7) 0	(8) 0	(9) 0	(10) 0	(11) 2	(12) 1	(13) 2	(14) 2	(15) 1	
jobTime:	(1) 2	(2) 3	(3) 1	(4) 2	(5) 4	(6) 2	(7) 4	(8) 2	(9) 3	(10) 1	(11) 2	(12) 1	(13) 5	(14) 1	(15) 3	
jobDone:	(1) 1	(2) 1	(3) 1	(4) 1	(5) 0	(6) 0	(7) 1	(8) 0	(9) 1	(10) 0	(11) 0	(12) 0	(13) 0	(14) 0	(15) 0	
jobMarked:	(1) 0	(2) 0	(3) 0	(4) 0	(5) 1	(6) 1	(7) 0	(8) 1	(9) 0	(10) 1	(11) 0	(12) 0	(13) 0	(14) 0	(15) 0	


[Current Time: 6]
Processor 1: 	1	1	2	2	2	6	
Processor 2: 	4	4	5	5	5	5	
Processor 3: 	7	7	7	7	3	8	
Processor 4: 	9	9	9	0	0	10	

[Time: 6   ProcUsed: 4] 
processJob:	(1) 6	(2) 0	(3) 8	(4) 0	
processTime:	(1) 1	(2) 0	(3) 1	(4) 0	
parentCount:	(1) 0	(2) 0	(3) 0	(4) 0	(5) 0	(6) 0	(7) 0	(8) 0	(9) 0	(10) 0	(11) 2	(12) 1	(13) 1	(14) 1	(15) 1	
jobTime:	(1) 2	(2) 3	(3) 1	(4) 2	(5) 4	(6) 2	(7) 4	(8) 2	(9) 3	(10) 1	(11) 2	(12) 1	(13) 5	(14) 1	(15) 3	
jobDone:	(1) 1	(2) 1	(3) 1	(4) 1	(5) 1	(6) 0	(7) 1	(8) 0	(9) 1	(10) 1	(11) 0	(12) 0	(13) 0	(14) 0	(15) 0	
jobMarked:	(1) 0	(2) 0	(3) 0	(4) 0	(5) 0	(6) 1	(7) 0	(8) 1	(9) 0	(10) 0	(11) 0	(12) 0	(13) 0	(14) 0	(15) 0	


[Current Time: 7]
Processor 1: 	1	1	2	2	2	6	6	
Processor 2: 	4	4	5	5	5	5	0	
Processor 3: 	7	7	7	7	3	8	8	
Processor 4: 	9	9	9	0	0	10	0	

[Time: 7   ProcUsed: 4] 
processJob:	(1) 11	(2) 12	(3) 13	(4) 15	
processTime:	(1) 2	(2) 1	(3) 5	(4) 3	
parentCount:	(1) 0	(2) 0	(3) 0	(4) 0	(5) 0	(6) 0	(7) 0	(8) 0	(9) 0	(10) 0	(11) 0	(12) 0	(13) 0	(14) 1	(15) 0	
jobTime:	(1) 2	(2) 3	(3) 1	(4) 2	(5) 4	(6) 2	(7) 4	(8) 2	(9) 3	(10) 1	(11) 2	(12) 1	(13) 5	(14) 1	(15) 3	
jobDone:	(1) 1	(2) 1	(3) 1	(4) 1	(5) 1	(6) 1	(7) 1	(8) 1	(9) 1	(10) 1	(11) 0	(12) 0	(13) 0	(14) 0	(15) 0	
jobMarked:	(1) 0	(2) 0	(3) 0	(4) 0	(5) 0	(6) 0	(7) 0	(8) 0	(9) 0	(10) 0	(11) 1	(12) 1	(13) 1	(14) 0	(15) 1	


[Current Time: 8]
Processor 1: 	1	1	2	2	2	6	6	11	
Processor 2: 	4	4	5	5	5	5	0	12	
Processor 3: 	7	7	7	7	3	8	8	13	
Processor 4: 	9	9	9	0	0	10	0	15	

[Time: 8   ProcUsed: 4] 
processJob:	(1) 11	(2) 14	(3) 13	(4) 15	
processTime:	(1) 1	(2) 1	(3) 4	(4) 2	
parentCount:	(1) 0	(2) 0	(3) 0	(4) 0	(5) 0	(6) 0	(7) 0	(8) 0	(9) 0	(10) 0	(11) 0	(12) 0	(13) 0	(14) 0	(15) 0	
jobTime:	(1) 2	(2) 3	(3) 1	(4) 2	(5) 4	(6) 2	(7) 4	(8) 2	(9) 3	(10) 1	(11) 2	(12) 1	(13) 5	(14) 1	(15) 3	
jobDone:	(1) 1	(2) 1	(3) 1	(4) 1	(5) 1	(6) 1	(7) 1	(8) 1	(9) 1	(10) 1	(11) 0	(12) 1	(13) 0	(14) 0	(15) 0	
jobMarked:	(1) 0	(2) 0	(3) 0	(4) 0	(5) 0	(6) 0	(7) 0	(8) 0	(9) 0	(10) 0	(11) 1	(12) 0	(13) 1	(14) 1	(15) 1	


[Current Time: 9]
Processor 1: 	1	1	2	2	2	6	6	11	11	
Processor 2: 	4	4	5	5	5	5	0	12	14	
Processor 3: 	7	7	7	7	3	8	8	13	13	
Processor 4: 	9	9	9	0	0	10	0	15	15	

[Time: 9   ProcUsed: 4] 
processJob:	(1) 0	(2) 0	(3) 13	(4) 15	
processTime:	(1) 0	(2) 0	(3) 3	(4) 1	
parentCount:	(1) 0	(2) 0	(3) 0	(4) 0	(5) 0	(6) 0	(7) 0	(8) 0	(9) 0	(10) 0	(11) 0	(12) 0	(13) 0	(14) 0	(15) 0	
jobTime:	(1) 2	(2) 3	(3) 1	(4) 2	(5) 4	(6) 2	(7) 4	(8) 2	(9) 3	(10) 1	(11) 2	(12) 1	(13) 5	(14) 1	(15) 3	
jobDone:	(1) 1	(2) 1	(3) 1	(4) 1	(5) 1	(6) 1	(7) 1	(8) 1	(9) 1	(10) 1	(11) 1	(12) 1	(13) 0	(14) 1	(15) 0	
jobMarked:	(1) 0	(2) 0	(3) 0	(4) 0	(5) 0	(6) 0	(7) 0	(8) 0	(9) 0	(10) 0	(11) 0	(12) 0	(13) 1	(14) 0	(15) 1	


[Current Time: 10]
Processor 1: 	1	1	2	2	2	6	6	11	11	0	
Processor 2: 	4	4	5	5	5	5	0	12	14	0	
Processor 3: 	7	7	7	7	3	8	8	13	13	13	
Processor 4: 	9	9	9	0	0	10	0	15	15	15	

[Time: 10   ProcUsed: 4] 
processJob:	(1) 0	(2) 0	(3) 13	(4) 0	
processTime:	(1) -1	(2) -1	(3) 2	(4) 0	
parentCount:	(1) 0	(2) 0	(3) 0	(4) 0	(5) 0	(6) 0	(7) 0	(8) 0	(9) 0	(10) 0	(11) 0	(12) 0	(13) 0	(14) 0	(15) 0	
jobTime:	(1) 2	(2) 3	(3) 1	(4) 2	(5) 4	(6) 2	(7) 4	(8) 2	(9) 3	(10) 1	(11) 2	(12) 1	(13) 5	(14) 1	(15) 3	
jobDone:	(1) 1	(2) 1	(3) 1	(4) 1	(5) 1	(6) 1	(7) 1	(8) 1	(9) 1	(10) 1	(11) 1	(12) 1	(13) 0	(14) 1	(15) 1	
jobMarked:	(1) 0	(2) 0	(3) 0	(4) 0	(5) 0	(6) 0	(7) 0	(8) 0	(9) 0	(10) 0	(11) 0	(12) 0	(13) 1	(14) 0	(15) 0	


[Current Time: 11]
Processor 1: 	1	1	2	2	2	6	6	11	11	0	0	
Processor 2: 	4	4	5	5	5	5	0	12	14	0	0	
Processor 3: 	7	7	7	7	3	8	8	13	13	13	13	
Processor 4: 	9	9	9	0	0	10	0	15	15	15	0	

[Time: 11   ProcUsed: 4] 
processJob:	(1) 0	(2) 0	(3) 13	(4) 0	
processTime:	(1) -2	(2) -2	(3) 1	(4) -1	
parentCount:	(1) 0	(2) 0	(3) 0	(4) 0	(5) 0	(6) 0	(7) 0	(8) 0	(9) 0	(10) 0	(11) 0	(12) 0	(13) 0	(14) 0	(15) 0	
jobTime:	(1) 2	(2) 3	(3) 1	(4) 2	(5) 4	(6) 2	(7) 4	(8) 2	(9) 3	(10) 1	(11) 2	(12) 1	(13) 5	(14) 1	(15) 3	
jobDone:	(1) 1	(2) 1	(3) 1	(4) 1	(5) 1	(6) 1	(7) 1	(8) 1	(9) 1	(10) 1	(11) 1	(12) 1	(13) 0	(14) 1	(15) 1	
jobMarked:	(1) 0	(2) 0	(3) 0	(4) 0	(5) 0	(6) 0	(7) 0	(8) 0	(9) 0	(10) 0	(11) 0	(12) 0	(13) 1	(14) 0	(15) 0	

